Contig,scaffold_1,scaffold_10,scaffold_11,scaffold_12,scaffold_13,scaffold_14,scaffold_15,scaffold_16,scaffold_17,scaffold_18,scaffold_19,scaffold_2,scaffold_20,scaffold_3,scaffold_4,scaffold_5,scaffold_6,scaffold_7,scaffold_8,scaffold_9
FO082260.1,0,0,0,0,0,0,0,7.69,0,0,38.46,7.69,0,7.69,15.38,15.38,0,0,7.69,0
FO082261.1,2.68,24.11,1.79,0,1.79,2.68,1.79,0,4.46,12.50,0,0.89,0,5.36,28.57,0.89,0.89,0.89,5.36,4.46
FO082262.1,13.86,0.60,1.20,7.23,1.20,3.61,0.60,0,0.60,0,0.60,2.41,0.60,4.82,7.23,18.07,1.20,1.20,1.81,33.13
FO082263.1,5.58,1.52,2.54,1.02,0,64.47,0,0.51,0,0.51,0,2.54,0,3.05,2.03,2.54,2.54,2.03,7.61,0.51
FO082264.1,5.80,0.97,1.45,0,70.05,0.97,0.97,0.97,0,0.97,0,1.45,0,1.45,3.38,2.90,2.90,0.48,3.38,1.93
FO082265.1,5.86,1.95,0.78,6.25,1.56,3.91,0.78,1.56,2.34,0.78,0,41.41,0,4.30,5.08,1.56,0.39,17.58,2.34,1.17
FO082266.1,1.34,72.32,1.34,0.89,1.34,1.79,2.23,0.89,0,0,0,3.12,0,3.12,2.68,3.57,1.79,1.34,1.79,0.45
FO082267.1,6.71,0.34,0.67,6.71,0.67,0.67,16.78,9.06,2.35,1.01,0,3.36,0,2.35,2.35,3.69,1.01,32.55,3.02,6.38
FO082268.1,43.10,0.69,0.69,1.03,1.03,1.72,2.76,1.03,0.34,21.03,0,0.69,0,1.72,15.86,3.45,1.38,1.72,0.69,1.03
FO082269.1,7.37,2.24,0.96,0.64,0,0.96,0.32,0.96,1.60,0.32,0,0.64,0,61.22,1.28,2.24,11.54,0.96,5.13,1.28
FO082270.1,27.35,0.85,1.14,24.50,0.57,1.71,1.14,0.57,27.64,0.57,0,4.27,0,0.85,1.99,2.56,1.14,1.14,1.14,0.85
FO082271.1,2.70,1.89,1.08,2.16,2.16,4.86,10.81,1.35,1.62,1.35,0,9.19,0,2.16,2.16,7.03,18.65,5.41,22.16,3.24
FO082272.1,52.24,0.26,1.06,1.85,1.32,1.06,1.06,0.79,0.79,0.53,0,1.06,0,3.43,1.85,2.11,2.37,2.11,1.58,24.54
FO082273.1,2.14,1.07,0.80,9.63,1.34,1.87,2.67,32.89,0.53,0.53,0,10.43,0,4.28,13.10,2.14,0.80,3.48,11.23,1.07
FO082274.1,2.08,1.04,46.88,0.26,0.78,1.04,0.78,1.30,0,0.78,0.26,1.82,0,2.60,3.91,1.82,30.47,1.30,1.04,1.82
FO082275.1,9.49,0.81,1.63,1.08,0.54,0.81,11.65,0.54,1.36,0,0,2.17,0,2.98,19.51,30.62,0.81,1.90,2.17,11.65
FO082276.1,2.57,0.93,1.17,2.57,1.64,1.17,0.23,0.70,0.70,0.47,0.47,6.78,0,50.47,7.01,1.40,11.68,4.67,1.64,3.50
FO082277.1,9.66,1.07,0.86,3.65,0.86,2.36,1.07,1.29,0.64,0.64,0.21,1.07,0,11.59,28.97,3.43,2.15,3.22,18.24,9.01
FO082278.1,3.90,0.39,2.92,1.75,1.17,1.56,1.17,1.56,2.14,1.36,0.58,32.16,0,3.90,4.48,33.33,1.75,1.95,2.73,1.17
