Contig,scaffold_1,scaffold_10,scaffold_11,scaffold_12,scaffold_13,scaffold_14,scaffold_15,scaffold_16,scaffold_17,scaffold_18,scaffold_19,scaffold_2,scaffold_20,scaffold_3,scaffold_4,scaffold_5,scaffold_6,scaffold_7,scaffold_8,scaffold_9
NW_005178014.1,0,0,0,14.29,0,0,14.29,0,14.29,0,0,0,0,0,0,0,28.57,0,0,28.57
NW_005178015.1,16.67,0,16.67,0,0,0,0,0,16.67,0,16.67,0,0,16.67,16.67,0,0,0,0,0
NW_005178016.1,7.14,0,0,7.14,0,7.14,0,0,0,0,35.71,14.29,0,0,7.14,14.29,0,0,0,7.14
NW_005178017.1,3.03,3.03,3.03,3.03,0,3.03,0,3.03,0,3.03,0,9.09,0,6.06,6.06,9.09,6.06,9.09,15.15,18.18
NW_005178018.1,12.50,1.79,0,8.93,3.57,1.79,3.57,5.36,0,1.79,0,7.14,0,17.86,7.14,1.79,7.14,1.79,8.93,8.93
NW_005178019.1,3.12,3.12,0,6.25,3.12,3.12,3.12,0,6.25,3.12,0,18.75,0,18.75,3.12,9.38,3.12,6.25,6.25,3.12
NW_005178020.1,6.17,3.70,1.23,9.88,2.47,2.47,7.41,4.94,6.17,2.47,1.23,8.64,0,7.41,8.64,8.64,11.11,2.47,2.47,2.47
NW_005178021.1,10.87,6.52,3.26,3.26,3.26,2.17,4.35,3.26,3.26,2.17,0,4.35,0,10.87,3.26,7.61,11.96,8.70,5.43,5.43
NW_005178022.1,8.91,0.99,1.98,5.94,0,0.99,1.98,2.97,0,1.98,0,10.89,0,8.91,12.87,13.86,5.94,2.97,12.87,5.94
NW_005178023.1,13.01,0.68,4.11,6.85,5.48,4.11,2.05,5.48,0,0.68,0,8.22,0,10.27,5.48,8.90,10.96,6.16,3.42,4.11
NW_005178024.1,6.54,3.27,5.23,3.92,2.61,2.61,3.27,3.92,3.92,1.96,0,9.15,0,15.69,7.84,5.88,5.23,5.88,2.61,10.46
NW_005178025.1,12.26,2.58,1.94,5.16,5.16,2.58,1.29,5.16,1.29,1.29,0,10.32,0,5.16,13.55,4.52,7.10,4.52,7.74,8.39
NW_005178026.1,5.77,4.81,1.92,6.73,1.92,3.85,4.81,2.88,2.88,1.92,0,15.38,0,8.65,6.73,13.46,2.88,3.85,7.69,3.85
NW_005178027.1,15.19,4.43,5.70,5.06,5.70,3.80,1.90,2.53,1.27,0.63,0,5.70,0,10.76,12.66,5.06,6.33,3.16,1.90,7.59
NW_005178028.1,8.39,2.80,7.69,3.50,2.80,2.80,6.29,3.50,0.70,1.40,0,11.19,0,11.89,5.59,7.69,4.20,7.69,4.90,6.29
NW_005178029.1,12.50,5.21,3.12,6.25,1.56,5.21,4.17,2.60,3.12,2.08,0,10.42,0,7.81,7.29,13.02,5.21,4.17,3.12,3.12
NW_005178030.1,14.02,4.27,4.27,4.27,3.66,6.10,4.88,3.66,0.61,0.61,0,7.93,0,10.37,7.93,6.10,4.27,4.88,5.49,6.10
NW_005178031.1,11.64,5.17,3.02,7.33,4.31,3.88,2.59,3.88,4.74,3.45,0,11.64,0,7.33,10.34,5.60,1.29,5.60,3.88,4.31
NW_005178032.1,11.60,3.87,3.87,5.52,4.97,2.76,3.31,2.21,1.10,0,1.10,10.50,0,12.71,4.97,4.42,10.50,4.42,4.42,7.73
NW_005178033.1,9.54,5.34,3.82,8.40,3.05,3.44,1.53,4.20,1.53,3.05,0.76,6.87,0,12.60,5.73,4.96,6.11,5.73,4.96,8.40
NW_005178034.1,13.62,5.16,4.23,6.57,2.35,1.88,2.82,2.35,0.47,1.41,0.47,10.33,0,9.86,8.45,4.69,5.16,5.16,5.63,9.39
NW_005178035.1,13.43,7.46,2.49,2.99,6.97,2.49,1.99,3.48,1.99,1.99,0,8.96,0,6.97,5.97,5.47,6.97,6.47,4.48,8.46
NW_005178036.1,11.03,6.25,3.68,2.94,1.47,2.21,3.68,4.78,1.84,2.21,0.37,11.40,0,6.25,5.88,9.93,8.46,5.88,4.41,7.35
NW_005178037.1,12.01,4.55,5.84,6.49,4.22,3.25,2.92,2.27,4.22,0.32,0.32,6.49,0,12.01,7.79,6.82,5.52,4.55,4.87,5.52
NW_005178038.1,8.12,4.06,7.19,5.00,2.81,4.06,5.00,3.75,0.62,0.94,0,10.62,0,10.62,7.50,7.50,5.94,6.25,5.62,4.38
NW_005178039.1,12.50,3.61,5.77,3.37,3.61,2.88,3.12,2.16,2.16,1.92,0,8.89,0,11.30,5.77,8.65,4.57,6.73,6.01,6.73
NW_005178040.1,7.67,4.60,4.29,6.75,5.21,2.76,5.83,4.60,1.53,2.15,0.31,9.20,0,10.12,6.44,10.12,2.76,4.91,5.21,5.52
NW_005178041.1,10.11,5.47,2.95,3.58,4.63,2.32,4.00,3.16,2.11,1.26,0,8.21,0,9.47,6.11,8.00,6.32,6.32,8.00,7.37
NW_005178042.1,8.75,5.47,5.03,4.38,3.94,3.72,5.03,3.06,2.41,2.63,0.22,7.66,0,8.75,7.22,6.78,5.69,5.47,6.13,7.66
