Contig,scaffold_1,scaffold_10,scaffold_11,scaffold_12,scaffold_13,scaffold_14,scaffold_15,scaffold_16,scaffold_17,scaffold_18,scaffold_19,scaffold_2,scaffold_20,scaffold_3,scaffold_4,scaffold_5,scaffold_6,scaffold_7,scaffold_8,scaffold_9
Chromosome_01,12.02,4.72,4.72,3.96,3.65,3.81,5.02,3.96,1.67,2.13,0.30,7.15,0,11.72,8.83,5.48,4.72,5.18,5.78,5.02
Chromosome_02,10.40,3.64,3.47,3.81,3.99,3.99,4.68,3.12,2.25,1.39,0,9.71,0,11.09,10.05,6.76,5.89,4.85,5.89,4.85
Chromosome_03,14.07,4.33,3.90,4.76,5.41,3.25,1.73,3.90,2.38,1.52,0.43,11.47,0,7.36,7.14,8.44,3.90,3.46,5.63,6.71
Chromosome_04,11.59,5.58,4.08,4.08,3.22,3.43,3.00,3.65,2.15,1.07,0,7.73,0,11.16,7.51,8.15,7.30,4.51,5.79,6.01
Chromosome_05,6.60,5.35,5.03,4.72,3.77,2.83,5.35,4.40,1.89,1.57,0,10.38,0,10.69,7.55,8.49,5.66,3.14,6.29,6.29
Chromosome_06,7.04,2.35,2.93,5.87,4.40,4.11,4.69,4.11,2.64,1.47,0,10.26,0.29,7.33,8.80,7.33,6.74,5.57,7.04,7.04
Chromosome_07,10.12,4.67,3.50,4.28,1.95,3.11,3.89,4.28,4.28,2.33,0.39,8.95,0,7.78,7.00,6.61,5.06,6.23,7.39,7.78
Chromosome_08,9.74,5.13,3.08,6.15,2.56,1.54,2.56,7.18,0.51,1.54,0.51,10.26,0,6.67,11.79,8.72,3.08,8.72,5.13,5.13
Chromosome_09,14.03,4.52,5.43,2.71,4.52,4.52,4.07,2.26,2.71,1.81,0.45,4.98,0,9.95,7.69,6.33,5.88,3.62,5.88,8.60
Chromosome_10,9.82,5.36,2.68,4.91,4.02,2.68,4.46,2.23,2.23,2.68,0.45,8.93,0,8.48,5.80,9.38,4.02,5.80,7.59,8.48
Chromosome_11,9.80,4.08,2.45,3.67,4.08,2.86,1.63,4.49,1.63,2.86,0.41,7.76,0,11.02,10.20,5.31,8.16,5.31,9.80,4.49
Chromosome_12,11.35,4.32,3.78,4.86,4.86,3.78,5.41,3.24,3.24,2.16,0,9.19,0,6.49,5.95,4.86,5.95,5.41,8.65,6.49
Chromosome_13,12.17,2.65,2.65,2.65,4.76,1.06,1.06,2.65,1.59,0.53,0,8.99,0,14.29,5.82,8.99,7.94,7.41,7.41,6.88
Chromosome_14,7.79,4.55,5.19,6.49,4.55,3.25,5.19,3.25,0,0,0.65,8.44,0,12.99,6.49,9.74,5.19,6.49,5.84,3.90
Chromosome_15,10.49,7.69,2.10,2.10,2.10,2.10,6.99,0.70,2.10,0,0,8.39,0,14.69,7.69,4.20,6.99,4.20,10.49,6.29
Chromosome_16,13.19,4.17,1.39,2.08,2.08,5.56,3.47,2.78,1.39,2.78,0,11.11,0,10.42,6.94,5.56,5.56,5.56,8.33,7.64
Chromosome_17,11.67,2.50,4.17,5.83,2.50,3.33,1.67,2.50,2.50,2.50,0,7.50,0,7.50,4.17,11.67,6.67,9.17,8.33,5.00
Chromosome_18,7.58,3.79,3.79,3.03,3.79,3.03,3.79,4.55,4.55,1.52,0,6.82,0,12.88,6.06,9.85,8.33,6.06,5.30,5.30
Chromosome_19,10.20,1.02,4.08,4.08,3.06,6.12,4.08,3.06,3.06,4.08,0,5.10,0,8.16,11.22,11.22,7.14,3.06,7.14,4.08
Chromosome_20,17.24,4.60,4.60,4.60,4.60,8.05,3.45,6.90,2.30,2.30,0,3.45,0,12.64,3.45,4.60,8.05,3.45,1.15,4.60
