Contig,Chromosome_01,Chromosome_02,Chromosome_03,Chromosome_04,Chromosome_05,Chromosome_06,Chromosome_07,Chromosome_08,Chromosome_09,Chromosome_10,Chromosome_11,Chromosome_12,Chromosome_13,Chromosome_14,Chromosome_15,Chromosome_16,Chromosome_17,Chromosome_18,Chromosome_19,Chromosome_20
Chr_01,9.68,14.11,10.74,8.21,9.05,6.32,5.89,2.32,2.95,3.58,3.37,2.11,4.00,3.58,4.42,2.11,2.32,3.16,0.63,1.47
Chr_02,14.92,11.60,7.37,10.68,5.71,6.26,4.24,3.68,4.79,2.39,5.71,2.95,3.13,2.21,3.50,3.13,2.21,2.39,1.84,1.29
Chr_03,10.71,11.62,8.20,8.88,5.92,7.52,5.24,1.82,4.33,3.42,5.92,4.33,4.33,2.51,4.56,2.05,1.82,3.64,1.59,1.59
Chr_04,9.98,9.98,9.98,8.08,9.03,8.79,3.33,5.23,4.04,4.75,3.80,4.28,2.14,4.28,1.90,1.66,2.61,2.61,2.61,0.95
Chr_05,14.18,10.51,8.07,9.54,6.11,6.85,4.65,3.42,2.93,3.67,4.16,3.18,3.67,2.69,2.44,3.18,1.96,4.40,1.71,2.69
Chr_06,11.24,8.43,10.30,9.13,6.09,7.73,6.56,3.75,4.22,4.92,4.45,3.51,4.22,3.04,1.64,2.81,3.04,1.64,1.87,1.41
Chr_07,13.25,11.95,11.17,11.69,5.71,4.94,2.60,3.38,4.68,2.08,5.19,3.64,3.12,1.82,3.90,2.86,2.60,1.56,1.56,2.34
Chr_08,15.14,12.93,9.15,7.89,7.26,5.99,2.84,5.05,4.10,4.10,2.84,2.84,3.15,4.10,1.26,2.52,2.52,3.15,1.58,1.58
Chr_09,12.77,12.77,7.90,9.42,3.65,6.99,3.95,3.04,3.95,5.17,3.95,2.74,3.34,4.56,2.74,4.26,1.52,3.65,1.52,2.13
Chr_10,13.82,15.13,8.22,11.18,5.92,5.26,2.63,3.62,3.29,2.30,5.26,2.30,3.62,3.95,4.93,1.32,2.30,1.97,1.97,0.99
Chr_11,12.23,10.70,6.73,5.50,6.12,7.65,5.81,3.36,2.45,4.59,6.42,3.98,3.67,3.36,5.50,4.28,1.83,3.06,2.14,0.61
Chr_12,11.44,9.96,9.96,10.70,6.27,4.06,5.54,3.69,4.06,5.17,3.32,2.21,3.69,4.06,5.17,4.06,1.48,2.58,0.74,1.85
Chr_13,15.38,14.34,6.64,6.29,8.39,6.64,4.90,3.50,4.90,5.24,3.15,3.85,1.75,3.15,4.90,1.75,2.80,1.05,1.05,0.35
Chr_14,10.42,13.75,9.17,9.58,7.08,2.92,6.25,4.17,5.42,4.17,5.00,2.92,3.75,4.58,3.33,1.25,1.67,2.08,0.83,1.67
Chr_15,15.25,12.99,8.47,9.04,6.78,5.08,4.52,1.13,6.21,3.95,3.39,3.39,1.69,2.26,1.13,3.39,1.69,2.26,3.39,3.95
Chr_16,11.80,11.18,12.42,8.70,4.35,4.35,4.35,3.11,3.73,6.21,2.48,4.35,3.73,0.62,5.59,2.48,2.48,4.35,2.48,1.24
Chr_17,16.67,8.33,16.67,0,8.33,0,0,0,0,8.33,0,8.33,0,8.33,0,0,8.33,16.67,0,0
