Contig,scaffold_1,scaffold_10,scaffold_11,scaffold_12,scaffold_13,scaffold_14,scaffold_15,scaffold_16,scaffold_17,scaffold_18,scaffold_19,scaffold_2,scaffold_20,scaffold_3,scaffold_4,scaffold_5,scaffold_6,scaffold_7,scaffold_8,scaffold_9
Chr_01,26.77,0.32,0,1.61,0.97,0.48,0.48,0.32,0.32,0.48,0.81,57.90,0,0.81,1.29,1.29,3.39,0.48,0.81,1.13
Chr_02,28.06,0.25,15.93,1.23,0.25,0.37,0.25,0.49,0.37,1.10,0.49,0.74,0,1.10,45.96,0.37,0.98,0.37,0.74,0.98
Chr_03,1.14,0.71,1.00,1.71,1.14,0.57,0.14,0.43,29.02,0.14,0,18.35,0,16.36,1.56,1.85,23.33,0.28,1.00,1.14
Chr_04,1.52,0.15,0.46,40.09,0.30,0.15,0.30,0,0.15,0.15,0.15,0.46,0,0.76,27.90,17.68,7.62,0.46,0.76,0.61
Chr_05,0.82,0.49,0.33,0.49,0.98,0.16,0.65,24.88,0.16,0.33,0.33,1.15,0,50.57,0.65,0.49,16.04,0.65,0.65,0.16
Chr_06,1.18,0.34,0.51,1.01,0,0,0,0.17,0.51,0.34,0,0.67,0.51,0.67,0.67,38.95,0.67,0.34,1.35,51.77
Chr_07,67.27,0.33,0.82,2.62,0,0.33,0,0.65,0.33,0.49,0.16,0.82,0,0.65,3.76,0.65,19.48,0,0.65,0.98
Chr_08,2.68,0.21,30.31,1.65,1.03,0.62,0.21,0.41,0.41,0.21,0.21,5.36,0,1.65,11.96,41.86,0.41,0,0.41,0.41
Chr_09,1.68,0.56,1.49,4.48,0.56,0.93,12.31,0.19,0.19,25.37,0.37,0.75,0,0.56,0.75,0.56,1.68,45.90,0.19,1.49
Chr_10,0.43,0.22,0.22,0.22,39.57,0.22,1.08,23.01,0.22,0,0.22,1.29,0,17.42,2.15,0.65,10.75,0.43,1.29,0.65
Chr_11,1.02,0.20,0.41,0.81,0.20,0.20,0.41,0,0.41,0.41,0.20,1.02,0,0.81,0.41,0.81,0.41,1.43,90.02,0.41
Chr_12,1.66,86.46,0.24,1.19,0.95,0.48,0.71,0.71,0.71,0,0,2.14,0,1.43,0.95,0.24,1.19,0.24,0.48,0.24
Chr_13,2.40,0.24,0.24,1.20,0,0.24,42.93,0.24,0,0.24,0,2.40,0,1.92,1.68,0.24,1.20,43.88,0.48,0.24
Chr_14,1.96,0,0,18.49,0.28,0,0.28,0,0.56,0.84,0,0.28,0,72.55,1.12,0.28,1.68,0.84,0.84,0
Chr_15,2.81,0.35,0.35,5.26,1.05,84.21,0,0,0.35,0,0,0.35,0,0.70,1.05,0.70,0.35,0.70,0.70,0.35
Chr_16,2.47,0.82,0.82,3.29,37.86,1.23,0.41,0.41,2.06,0,0.82,1.65,0,1.23,0.82,9.05,2.06,0.82,0,34.16
Chr_17,0,0,0,0,0,0,0,4.76,4.76,4.76,52.38,4.76,0,9.52,0,9.52,0,4.76,0,4.76
