Contig,scaffold_1,scaffold_10,scaffold_11,scaffold_12,scaffold_13,scaffold_14,scaffold_15,scaffold_16,scaffold_17,scaffold_18,scaffold_19,scaffold_2,scaffold_20,scaffold_3,scaffold_4,scaffold_5,scaffold_6,scaffold_7,scaffold_8,scaffold_9
Chr_10,40.40,1.35,0,0.67,0.67,1.01,2.36,0.34,1.01,23.91,0,0.34,0,2.69,19.53,2.69,1.01,0.34,0.67,1.01
Chr_11,3.33,77.78,0,1.48,1.11,1.48,0.74,0.74,0.74,0.74,0,0.74,0,1.85,1.85,1.85,1.85,1.11,1.48,1.11
Chr_12,45.00,0.38,1.54,3.85,1.54,6.92,0.38,0.77,0,0,0,0.38,0,1.15,2.69,0.77,1.15,2.31,7.31,23.85
Chr_13,2.49,0.83,0.41,0.83,0,0.41,0.83,1.24,0,0.41,0.83,0.83,0,24.07,0.41,28.22,0.83,2.07,1.66,33.61
Chr_14,3.17,1.41,0,0,2.46,1.41,6.69,1.76,0.70,0.35,0,4.23,0,4.23,18.66,4.93,0,3.52,25.70,20.77
Chr_15,7.98,1.88,0.47,1.88,0,52.58,0.47,0.94,0.47,0.94,0,1.41,0,2.35,1.88,1.88,0.94,1.41,1.88,20.19
Chr_16,2.83,1.42,1.42,2.83,1.89,0.47,0,75.47,0.47,0.47,0,0.47,0,2.83,0.94,2.36,1.42,0.94,3.30,0.47
Chr_17,2.61,3.92,0.65,1.96,0.65,0.65,1.96,1.96,72.55,0.65,0,0.65,0,1.96,1.31,1.96,1.31,1.96,0.65,2.61
Chr_18,0,0,5.88,0,0,0,11.76,0,11.76,0,29.41,5.88,0,17.65,5.88,0,0,0,5.88,5.88
Chr_19,0,1.39,0,1.39,40.28,0,23.61,4.17,0,1.39,0,11.11,0,4.17,1.39,4.17,5.56,0,1.39,0
Chr_1,4.77,1.39,1.79,1.39,26.44,0.99,2.19,1.19,1.99,1.19,0.20,37.57,0,1.79,2.98,4.17,2.39,2.58,1.99,2.78
Chr_20,2.76,0.79,0.79,0.79,0.39,0.79,40.55,0.39,0,0.39,0,0.39,0,0.79,2.36,1.97,1.57,42.13,1.57,1.18
Chr_21,1.38,0,0.69,1.38,0,0.69,0.69,0,0,0,0,1.38,0,12.41,0.69,35.86,0.69,1.38,2.07,40.69
Chr_2,2.53,2.53,2.17,10.83,1.08,1.81,1.81,0,1.44,1.81,0,20.58,0,13.36,1.44,2.89,1.44,18.77,9.39,5.78
Chr_3,41.15,0.21,0.85,27.72,1.28,0.85,0,0,1.07,0.85,0,16.63,0,1.49,1.49,2.56,1.28,0.21,1.49,0.85
Chr_4,0.48,0.48,3.38,0.48,2.17,5.07,1.21,0.48,0.24,5.56,0,1.93,0,2.17,26.09,1.21,15.22,0.48,31.64,1.21
Chr_5,2.62,1.05,0.79,2.62,1.83,1.05,1.05,1.05,0.79,0.79,0.26,13.87,0,45.81,3.40,2.36,12.57,3.66,1.83,2.36
Chr_6,1.36,1.08,49.32,0.54,1.08,0.27,1.08,0.27,0.54,0.54,0,1.08,0,1.90,1.90,1.63,34.15,1.08,1.08,1.08
Chr_7,24.43,0.25,0,9.16,0.25,0.51,1.27,0.51,0,0.25,0,1.78,0,1.27,46.82,1.02,2.29,1.78,1.78,6.62
Chr_8,1.23,0.62,0.92,1.23,1.23,0.31,0.62,0.92,0.31,0.62,0.31,1.54,0,0.92,5.85,79.38,0.92,0.31,0.92,1.54
Chr_9,7.83,1.20,0.90,1.20,0,1.51,0.30,0.30,0.30,0,0,0.60,0,61.75,1.20,0.90,12.65,1.81,5.72,1.51
