Contig,Chromosome_01,Chromosome_02,Chromosome_03,Chromosome_04,Chromosome_05,Chromosome_06,Chromosome_07,Chromosome_08,Chromosome_09,Chromosome_10,Chromosome_11,Chromosome_12,Chromosome_13,Chromosome_14,Chromosome_15,Chromosome_16,Chromosome_17,Chromosome_18,Chromosome_19,Chromosome_20
Chr_10,16.30,13.66,12.33,8.37,2.20,3.96,3.08,3.52,4.41,6.17,4.85,3.08,3.96,1.76,2.64,1.76,3.08,0.88,1.76,2.20
Chr_11,10.89,8.91,8.91,11.39,7.92,5.94,7.92,2.97,2.97,6.44,2.97,2.48,4.95,3.96,3.96,2.48,0.99,1.98,0.99,0.99
Chr_12,13.13,10.61,11.11,7.58,5.56,7.07,4.55,5.56,5.05,4.55,2.53,3.54,4.55,3.03,3.03,2.53,3.54,0,1.52,1.01
Chr_13,11.73,11.73,10.20,9.69,4.59,6.12,5.10,2.55,2.55,3.57,5.10,1.53,5.10,3.57,3.06,3.57,1.53,3.57,3.57,1.53
Chr_14,10.33,8.45,8.92,12.68,5.63,6.10,2.82,4.69,3.29,4.23,8.45,3.29,2.82,4.23,4.69,2.82,2.82,2.35,1.41,0
Chr_15,12.88,12.27,7.98,9.82,7.98,5.52,4.29,2.45,7.36,2.45,4.91,2.45,3.07,1.84,2.45,2.45,1.84,1.84,1.84,4.29
Chr_16,16.67,9.88,8.02,7.41,8.64,4.32,2.47,4.94,5.56,0.62,4.94,4.32,4.32,2.47,3.09,2.47,1.85,2.47,1.85,3.70
Chr_17,11.71,12.61,9.01,6.31,9.01,6.31,5.41,1.80,7.21,5.41,2.70,5.41,3.60,1.80,2.70,0.90,2.70,2.70,1.80,0.90
Chr_18,0,27.27,36.36,9.09,9.09,0,0,0,0,0,0,0,0,0,0,9.09,0,9.09,0,0
Chr_19,16.67,4.17,12.50,8.33,8.33,12.50,4.17,4.17,6.25,2.08,2.08,2.08,2.08,2.08,6.25,0,0,2.08,2.08,2.08
Chr_1,13.83,12.59,9.14,10.62,6.42,7.16,4.69,3.21,3.70,3.46,2.96,1.98,4.20,2.96,2.72,2.47,0.74,3.21,1.73,2.22
Chr_20,17.01,12.89,6.70,6.19,9.79,5.67,6.70,3.09,3.09,4.12,3.09,1.55,2.06,3.09,4.64,4.12,2.06,1.55,2.06,0.52
Chr_21,10.92,13.45,13.45,10.08,3.36,7.56,4.20,3.36,1.68,3.36,5.04,1.68,4.20,3.36,2.52,2.52,1.68,4.20,2.52,0.84
Chr_2,10.38,10.85,9.91,10.38,6.60,9.91,4.25,3.77,3.30,4.72,4.25,2.36,2.83,2.83,1.42,2.83,2.36,2.83,1.42,2.83
Chr_3,12.01,11.71,8.11,10.21,7.21,7.51,3.90,3.60,3.30,3.60,4.80,5.11,3.30,2.70,4.50,2.40,0.90,1.80,1.50,1.80
Chr_4,11.73,14.51,9.88,7.41,6.17,8.02,3.70,4.01,3.40,2.47,5.25,3.70,2.78,2.78,3.70,4.01,2.78,0.31,3.09,0.31
Chr_5,14.14,12.07,10.00,7.24,7.93,7.24,3.45,2.41,4.14,2.41,4.83,3.10,3.10,3.79,3.10,2.07,2.76,2.41,1.03,2.76
Chr_6,11.26,11.95,8.53,10.24,7.17,7.51,4.10,3.75,4.10,3.41,4.10,2.73,3.07,3.41,2.39,2.39,1.37,3.07,2.39,3.07
Chr_7,13.15,12.80,6.92,7.61,7.61,7.27,5.88,2.77,4.15,3.11,5.88,3.46,2.77,3.81,3.46,3.11,0.69,2.42,1.38,1.73
Chr_8,8.87,12.10,9.27,8.87,6.85,7.26,5.65,4.03,4.03,6.45,3.63,2.02,3.63,3.63,2.02,2.82,2.02,2.42,3.23,1.21
Chr_9,12.30,11.90,9.13,9.92,6.35,5.16,3.57,3.57,3.17,4.37,7.54,2.38,3.97,4.76,1.59,1.19,2.78,3.17,1.59,1.59
