Contig,FO082260.1,FO082261.1,FO082262.1,FO082263.1,FO082264.1,FO082265.1,FO082266.1,FO082267.1,FO082268.1,FO082269.1,FO082270.1,FO082271.1,FO082272.1,FO082273.1,FO082274.1,FO082275.1,FO082276.1,FO082277.1,FO082278.1
Chr_10,0,0.34,0.68,0.34,0,0.34,0.68,2.03,81.08,0.34,0.68,1.35,2.03,0.68,1.01,0.68,1.01,4.05,2.03
Chr_11,0,12.85,0.40,0,0.40,0.80,69.48,0.40,0.80,0.80,1.61,1.61,0.80,1.20,0.40,2.01,2.41,2.41,1.61
Chr_12,0,0,0.83,11.20,1.24,0.41,0.41,0.41,0,1.66,11.20,0.41,67.22,0.83,0,0,0.41,1.24,2.07
Chr_13,0,0.42,32.22,0.42,0,0.84,0.42,2.51,0.84,0.84,0.42,0.42,2.93,1.26,1.26,30.96,0.42,21.76,1.67
Chr_14,0,0,1.84,0,1.47,1.47,1.10,4.78,1.10,0.74,0.37,12.50,1.84,0,0.74,1.47,1.10,67.28,1.10
Chr_15,0.50,0.50,0,63.18,0,1.00,0,0.50,0.50,0.50,1.49,3.98,21.89,0.50,0.50,1.49,0.50,1.00,1.49
Chr_16,0,0.97,0.49,0.49,0.49,0.97,1.46,17.48,0,1.46,0.97,0.49,0,66.99,0,0.49,2.91,2.43,1.46
Chr_17,0,3.52,0,0,0.70,3.52,0.70,4.93,1.41,1.41,71.13,2.11,3.52,2.11,0,0.70,2.11,0,2.11
Chr_18,33.33,0,6.67,0,0,0,0,0,0,6.67,6.67,6.67,0,6.67,13.33,13.33,6.67,0,0
Chr_19,0,0,0,0,42.86,0,1.43,0,0,1.43,2.86,45.71,0,2.86,1.43,0,1.43,0,0
Chr_1,0,0.19,0.19,0.38,24.95,0.56,0.38,0.75,0.75,1.50,1.50,8.44,0.56,0.56,0.19,0.56,1.13,0.19,57.22
Chr_20,0,0,0,0.41,0,1.22,2.85,55.69,0,0,0.81,1.63,2.44,7.32,2.03,19.11,1.22,3.25,2.03
Chr_21,0,0,28.67,0.70,0.70,0.70,0,0,0,10.49,1.40,0,3.50,0.70,0.70,48.25,0,2.10,1.40
Chr_2,0,1.53,0,1.91,1.53,25.95,1.15,3.82,0.38,1.15,0.76,9.16,1.53,6.49,0.76,2.67,22.52,10.31,3.44
Chr_3,0,0,0.66,0.88,0.88,9.65,0.44,7.46,0.66,0.44,35.31,0.88,26.32,11.62,0.66,1.32,0.66,0.88,0.66
Chr_4,0,13.94,0.73,0.24,1.22,2.20,0.49,0.73,2.69,0.49,0.73,41.32,0.73,21.52,2.93,0.73,6.60,1.22,1.47
Chr_5,0,0,0.50,0.25,0.25,4.53,1.01,3.02,0.50,1.26,0.76,0.76,1.76,4.79,1.01,0.76,74.81,2.27,1.76
Chr_6,0,0,0.54,0.81,0.27,0.27,0,1.08,0.81,0.54,1.08,0,0.81,1.88,87.37,0.81,1.08,1.34,1.34
Chr_7,0,0,14.86,0.54,2.16,0,0.27,0.54,0.81,0.27,0.81,1.08,0.81,0.54,0.81,30.27,0.27,44.05,1.89
Chr_8,0,0.63,0.32,0.32,0.63,0.63,0.32,0.63,0,1.89,0.63,7.89,0.63,1.58,0.32,27.13,0.63,0.32,55.21
Chr_9,0,0.32,0,0.64,0.64,0.64,0.32,0.64,0.32,87.26,1.27,1.27,1.27,1.27,0.32,0.32,1.27,0.32,1.27
