Contig,scaffold_1,scaffold_10,scaffold_11,scaffold_12,scaffold_13,scaffold_14,scaffold_15,scaffold_16,scaffold_17,scaffold_18,scaffold_19,scaffold_2,scaffold_20,scaffold_3,scaffold_4,scaffold_5,scaffold_6,scaffold_7,scaffold_8,scaffold_9
NC_008289.1,16.67,8.33,0,0,0,0,0,8.33,0,0,0,33.33,0,16.67,0,0,0,8.33,0,8.33
NC_008290.1,0,0,0,0,0,0,0,0,0,0,0,0,0,25.00,50.00,0,0,0,25.00,0
NC_014426.1,5.66,1.53,2.40,1.74,24.84,1.31,2.18,1.09,1.96,1.09,0.22,38.56,0,2.40,3.27,3.27,1.74,1.74,2.18,2.83
NC_014427.1,3.83,1.64,4.64,6.83,1.37,2.19,2.19,0.27,0.55,1.91,0.55,25.68,0,11.20,3.28,1.09,1.09,19.95,7.65,3.83
NC_014428.1,40.14,0,0.70,26.29,2.11,0.94,0,0.47,0.94,0.70,0,16.90,0,1.88,1.64,2.35,1.41,1.17,1.17,1.17
NC_014429.1,0.76,0.25,3.29,1.01,1.52,5.06,0.76,0.51,0.51,6.08,0.25,2.03,0,3.04,25.32,1.52,16.20,0.51,29.62,1.52
NC_014430.1,3.37,2.25,0.84,2.81,1.69,1.97,1.12,0.56,0.28,0.28,0.28,15.45,0,42.70,2.81,3.09,12.36,3.65,2.25,1.97
NC_014431.1,1.81,0.90,43.07,1.20,1.51,0.60,1.20,0.90,0.90,0.30,0,3.01,0,1.81,1.81,2.41,34.04,2.41,1.20,0.90
NC_014432.1,22.79,0.57,0.28,6.55,0.57,0.85,1.42,0.57,0,0.28,0,3.13,0,1.99,47.86,0.85,1.99,2.85,1.42,5.98
NC_014433.1,1.99,1.33,1.00,0.66,1.33,0.33,0.33,0.66,0.33,0.33,0.66,3.32,0,1.33,4.98,77.08,0.66,0.66,0.66,1.99
NC_014434.1,7.30,2.22,1.27,2.86,0,0.32,0.32,0.32,0.63,0.32,0,1.27,0,58.73,1.90,0.63,12.38,2.54,5.71,0.95
NC_014435.1,41.29,1.14,0,0.38,0.38,1.14,1.52,0.38,0.76,25.00,0,1.52,0,2.65,18.56,2.65,1.14,0,0.76,0.76
NC_014436.1,3.24,76.92,0,1.21,0.40,1.21,1.21,0.81,1.21,0.81,0,0.40,0,1.62,1.21,2.83,1.62,1.21,2.83,1.21
NC_014437.1,45.49,0,1.72,4.29,2.15,7.73,0.86,0.43,0,0,0,0.43,0,1.29,2.15,1.72,1.72,2.58,7.30,20.17
NC_014438.1,2.14,0.85,0.85,0.85,0,0.43,0.85,1.28,0,0.85,0.43,0.85,0,23.50,0,30.34,0.43,2.99,1.71,31.62
NC_014439.1,3.00,1.29,1.29,0.86,0.43,0.86,40.77,0,0,0,0,0.43,0,0.86,0.86,1.29,1.29,43.35,1.72,1.72
NC_014440.1,1.52,0.51,0.51,0,1.52,0.51,7.58,1.01,1.01,0,0,4.55,0,4.55,13.13,9.60,0.51,3.03,30.81,19.70
NC_014441.1,11.33,0.99,0.49,0.99,1.97,49.75,0,0.99,0.49,0.99,0.99,1.48,0,0.99,1.97,1.97,2.46,1.48,1.48,18.72
NC_014442.1,1.57,1.57,1.05,2.62,2.09,0.52,1.05,74.35,0.52,0,0,0,0,3.66,3.14,0.52,1.57,1.05,4.19,0.52
NC_014443.1,2.07,4.14,1.38,2.76,0.69,0,2.07,0.69,71.03,0,0,2.07,0,2.76,1.38,2.07,0.69,1.38,2.07,2.76
NC_014444.1,0,0,0,0,10.00,0,0,5.00,5.00,0,35.00,5.00,0,15.00,5.00,10.00,0,0,10.00,0
NC_014445.1,1.64,1.64,0,1.64,40.98,0,19.67,4.92,0,0,1.64,9.84,0,1.64,1.64,4.92,8.20,1.64,0,0
